1724538197594 0.0003333333333333333 1
1724538199536 0.00033999999999999997 2
1724538202222 0.0003466666666666666 3
1724538204453 0.00035333333333333327 4
1724538206380 0.0003599999999999999 5
1724538208308 0.0003666666666666666 6
1724538210231 0.00037333333333333326 7
1724538212173 0.0003799999999999999 8
1724538214117 0.0003866666666666666 9
1724538216464 0.00039333333333333326 10
1724538218561 0.0003999999999999999 11
1724538220536 0.00040666666666666656 12
1724538222616 0.0004133333333333332 13
1724538224581 0.00041999999999999985 14
1724538226548 0.0004266666666666665 15
