1724538197590 0.6992416501045227 1
1724538199532 0.6881656050682068 2
1724538202217 0.690257477760315 3
1724538204449 0.6949603080749511 4
1724538206375 0.7022443056106568 5
1724538208304 0.6758141398429871 6
1724538210227 0.6772206664085388 7
1724538212169 0.6860405445098877 8
1724538214113 0.6756421089172363 9
1724538216461 0.667532992362976 10
1724538218557 0.6724010825157165 11
1724538220532 0.6621899724006652 12
1724538222613 0.661196506023407 13
1724538224577 0.6620950698852539 14
1724538226544 0.6714810729026794 15
