1724538291744 0.0003333333333333333 1
1724538292220 0.00033999999999999997 2
1724538292701 0.0003466666666666666 3
1724538293178 0.00035333333333333327 4
1724538293653 0.0003599999999999999 5
1724538294126 0.0003666666666666666 6
1724538294598 0.00037333333333333326 7
1724538295074 0.0003799999999999999 8
1724538295547 0.0003866666666666666 9
1724538296027 0.00039333333333333326 10
1724538296511 0.0003999999999999999 11
1724538296984 0.00040666666666666656 12
1724538297463 0.0004133333333333332 13
1724538297940 0.00041999999999999985 14
1724538298424 0.0004266666666666665 15
1724538298912 0.00043333333333333315 16
1724538299405 0.0004399999999999998 17
1724538299897 0.00044666666666666645 18
1724538300393 0.00045333333333333315 19
1724538300888 0.0004599999999999998 20
1724538301379 0.0004666666666666665 21
1724538301864 0.00047333333333333315 22
1724538302355 0.0004799999999999998 23
1724538302842 0.00048666666666666644 24
1724538303333 0.0004933333333333331 25
1724538303829 0.0004999999999999999 26
1724538304340 0.0005066666666666667 27
1724538304843 0.0005133333333333333 28
1724538305342 0.00052 29
1724538305845 0.0005266666666666666 30
1724538306347 0.0005333333333333333 31
1724538306852 0.0005399999999999999 32
1724538307353 0.0005466666666666665 33
1724538307854 0.0005533333333333332 34
1724538308359 0.0005599999999999998 35
1724538308863 0.0005666666666666665 36
1724538309385 0.0005733333333333331 37
1724538309888 0.0005799999999999998 38
1724538310392 0.0005866666666666665 39
1724538310933 0.0005933333333333333 40
1724538311445 0.0006 41
1724538311953 0.0006066666666666666 42
1724538312458 0.0006133333333333332 43
1724538312971 0.0006199999999999999 44
1724538313479 0.0006266666666666665 45
1724538313985 0.0006333333333333333 46
1724538314527 0.0006399999999999999 47
1724538315199 0.0006466666666666667 48
1724538315799 0.0006533333333333333 49
1724538316323 0.00066 50
1724538316857 0.0006666666666666668 51
1724538317386 0.0006733333333333334 52
1724538317896 0.00068 53
1724538318409 0.0006866666666666667 54
1724538318920 0.0006933333333333333 55
1724538319436 0.0007 56
1724538319950 0.0007066666666666666 57
1724538320466 0.0007133333333333334 58
1724538320982 0.0007199999999999999 59
1724538321490 0.0007266666666666666 60
1724538322045 0.0007333333333333332 61
1724538322555 0.0007399999999999999 62
1724538323068 0.0007466666666666665 63
1724538323576 0.0007533333333333332 64
1724538324089 0.0007599999999999998 65
1724538324618 0.0007666666666666665 66
1724538325149 0.0007733333333333331 67
1724538325672 0.0007799999999999998 68
1724538326234 0.0007866666666666664 69
1724538326761 0.0007933333333333331 70
1724538327286 0.0007999999999999997 71
1724538327821 0.0008066666666666664 72
1724538328354 0.000813333333333333 73
1724538328881 0.0008199999999999995 74
1724538329420 0.0008266666666666662 75
1724538329954 0.0008333333333333328 76
1724538330505 0.0008399999999999995 77
1724538331046 0.0008466666666666661 78
1724538331582 0.0008533333333333328 79
1724538332136 0.0008599999999999994 80
1724538332673 0.0008666666666666661 81
1724538333210 0.0008733333333333327 82
1724538333755 0.0008799999999999993 83
1724538334290 0.0008866666666666659 84
1724538334835 0.0008933333333333327 85
1724538335373 0.0008999999999999992 86
1724538335920 0.0009066666666666658 87
1724538336462 0.0009133333333333324 88
1724538337004 0.0009199999999999992 89
1724538337542 0.0009266666666666658 90
1724538338077 0.0009333333333333325 91
1724538338642 0.0009399999999999991 92
1724538339159 0.0009466666666666656 93
1724538339678 0.0009533333333333323 94
1724538340206 0.000959999999999999 95
1724538340734 0.0009666666666666657 96
1724538341267 0.0009733333333333323 97
1724538341801 0.000979999999999999 98
1724538342351 0.0009866666666666659 99
1724538342888 0.0009933333333333326 100
