1724538291741 0.705539870262146 1
1724538292216 0.6959255695343017 2
1724538292697 0.6775743842124939 3
1724538293174 0.6886646270751953 4
1724538293650 0.6887731313705444 5
1724538294122 0.6795257806777955 6
1724538294595 0.6864509344100952 7
1724538295071 0.6691437125205993 8
1724538295544 0.6790886878967285 9
1724538296023 0.6793568849563598 10
1724538296507 0.6751121520996094 11
1724538296981 0.6851712465286255 12
1724538297459 0.676228940486908 13
1724538297936 0.6611358165740967 14
1724538298420 0.6638906240463257 15
1724538298908 0.6639064073562622 16
1724538299401 0.6704334259033203 17
1724538299893 0.6636621356010437 18
1724538300389 0.6770375370979309 19
1724538300884 0.665120804309845 20
1724538301375 0.6624969601631164 21
1724538301861 0.6572781801223755 22
1724538302352 0.6575657486915588 23
1724538302838 0.6562736868858338 24
1724538303329 0.6603983759880065 25
1724538303825 0.6529248237609864 26
1724538304336 0.6502872467041015 27
1724538304839 0.6566695451736451 28
1724538305338 0.6609105229377746 29
1724538305841 0.6618248462677002 30
1724538306343 0.6564031481742859 31
1724538306848 0.658149266242981 32
1724538307349 0.6560522675514221 33
1724538307850 0.6578750967979431 34
1724538308356 0.6487439751625061 35
1724538308859 0.6479838728904724 36
1724538309381 0.6523853659629821 37
1724538309884 0.6482657551765442 38
1724538310388 0.6507463932037354 39
1724538310928 0.651464307308197 40
1724538311440 0.6478629946708679 41
1724538311949 0.6527624249458313 42
1724538312454 0.6499767899513245 43
1724538312967 0.6436586380004883 44
1724538313475 0.6467023015022277 45
1724538313981 0.6424399137496948 46
1724538314521 0.6459224462509155 47
1724538315193 0.6413657188415527 48
1724538315795 0.6337701678276062 49
1724538316318 0.6508430719375611 50
1724538316853 0.640865421295166 51
1724538317382 0.6484181523323059 52
1724538317892 0.6470612764358521 53
1724538318405 0.6359248042106629 54
1724538318916 0.6402553915977478 55
1724538319432 0.6354782342910766 56
1724538319946 0.64235759973526 57
1724538320462 0.6335458278656005 58
1724538320978 0.6378824949264527 59
1724538321486 0.6305525302886963 60
1724538322041 0.6291414976119996 61
1724538322551 0.6488139510154725 62
1724538323064 0.6348438024520874 63
1724538323572 0.6350354075431823 64
1724538324085 0.6300446152687073 65
1724538324614 0.6295521020889282 66
1724538325144 0.6209081590175629 67
1724538325668 0.630084615945816 68
1724538326230 0.6269113779067993 69
1724538326757 0.615919691324234 70
1724538327282 0.625032651424408 71
1724538327817 0.6207627892494202 72
1724538328350 0.6175224542617798 73
1724538328877 0.6283533811569214 74
1724538329416 0.6188497960567474 75
1724538329950 0.6240465342998505 76
1724538330501 0.6074247121810913 77
1724538331041 0.6289171814918518 78
1724538331577 0.6120842158794403 79
1724538332132 0.6212170422077179 80
1724538332668 0.6200913965702057 81
1724538333206 0.623854649066925 82
1724538333751 0.614991444349289 83
1724538334285 0.6074954509735108 84
1724538334831 0.6107634544372559 85
1724538335368 0.606201457977295 86
1724538335916 0.6245783150196076 87
1724538336457 0.6009268522262573 88
1724538337000 0.5991932332515717 89
1724538337538 0.5918664157390594 90
1724538338072 0.6110324740409852 91
1724538338638 0.6032985627651215 92
1724538339154 0.5919690191745758 93
1724538339674 0.5919093549251556 94
1724538340202 0.5943565368652344 95
1724538340730 0.5975240111351013 96
1724538341263 0.5993463516235351 97
1724538341797 0.594065535068512 98
1724538342347 0.5881765246391296 99
1724538342884 0.616503244638443 100
